alpha=0.500000
beta=0.100000
ntopics=20
ndocs=100
nwords=11398
liter=100
