0.000642 0.000642 0.001926 0.000642 0.000642 0.000642 0.000642 0.001926 0.000642 0.001926 0.000642 0.000642 0.000642 0.000642 0.005777 0.000642 0.000642 0.000642 0.978819 0.000642 
0.000820 0.000820 0.000820 0.000820 0.000820 0.000820 0.000820 0.000820 0.000820 0.000820 0.000820 0.000820 0.984426 0.000820 0.000820 0.000820 0.000820 0.000820 0.000820 0.000820 
0.000127 0.001143 0.001143 0.000127 0.000381 0.000127 0.628430 0.001143 0.000127 0.000127 0.359883 0.000127 0.000381 0.000381 0.000127 0.000127 0.005208 0.000381 0.000381 0.000127 
0.018916 0.151840 0.052658 0.002556 0.004601 0.003579 0.001534 0.001534 0.007669 0.000511 0.003579 0.001534 0.003579 0.019939 0.277607 0.291922 0.151840 0.000511 0.001534 0.002556 
0.000157 0.141175 0.453046 0.002041 0.000471 0.001727 0.000157 0.000785 0.000157 0.013034 0.054805 0.002041 0.000471 0.014290 0.085270 0.000157 0.166928 0.000157 0.037217 0.025911 
0.000402 0.036605 0.000402 0.039019 0.000402 0.000402 0.088093 0.012470 0.002816 0.004425 0.238536 0.158890 0.026146 0.034191 0.117860 0.001207 0.223250 0.002011 0.002011 0.010861 
0.000438 0.000088 0.000263 0.061198 0.000088 0.305813 0.046664 0.000088 0.000263 0.000263 0.278323 0.000088 0.000088 0.000088 0.000088 0.000613 0.304237 0.000088 0.000088 0.001138 
0.036260 0.058374 0.025203 0.134472 0.000163 0.031707 0.001463 0.000488 0.000163 0.000163 0.084715 0.286992 0.000163 0.001463 0.080488 0.000163 0.256423 0.000163 0.000163 0.000813 
0.010000 0.196667 0.003333 0.010000 0.003333 0.003333 0.103333 0.003333 0.010000 0.003333 0.023333 0.170000 0.003333 0.083333 0.076667 0.003333 0.196667 0.010000 0.076667 0.010000 
0.006829 0.000759 0.003794 0.000759 0.000759 0.006829 0.003794 0.000759 0.000759 0.011381 0.072079 0.392261 0.009863 0.000759 0.040212 0.000759 0.422610 0.003794 0.020486 0.000759 
0.000150 0.415819 0.000150 0.000150 0.000150 0.032147 0.004934 0.163128 0.000449 0.018092 0.023176 0.000748 0.005233 0.002841 0.049791 0.001047 0.273176 0.000449 0.004037 0.004336 
0.003906 0.006510 0.001302 0.001302 0.003906 0.006510 0.037760 0.003906 0.003906 0.001302 0.022135 0.006510 0.128906 0.467448 0.097656 0.001302 0.188802 0.003906 0.009115 0.003906 
0.010933 0.260204 0.000729 0.002187 0.002187 0.012391 0.010933 0.002187 0.153790 0.035714 0.000729 0.008017 0.003644 0.005102 0.047376 0.000729 0.436589 0.000729 0.002187 0.003644 
0.001845 0.001845 0.001845 0.005535 0.001845 0.001845 0.001845 0.001845 0.488930 0.001845 0.012915 0.001845 0.009225 0.001845 0.145756 0.001845 0.304428 0.001845 0.009225 0.001845 
0.005802 0.091948 0.098277 0.102145 0.000176 0.004044 0.094058 0.001231 0.002989 0.011428 0.022679 0.000879 0.010724 0.002637 0.113748 0.000879 0.303973 0.001582 0.127813 0.002989 
0.000258 0.133901 0.213880 0.002838 0.002322 0.000774 0.005418 0.000258 0.000258 0.002322 0.363003 0.005934 0.000258 0.034314 0.066305 0.001806 0.155573 0.000258 0.009546 0.000774 
0.001608 0.220257 0.011254 0.017685 0.004823 0.008039 0.001608 0.072347 0.178457 0.001608 0.004823 0.008039 0.008039 0.001608 0.004823 0.004823 0.416399 0.004823 0.004823 0.024116 
0.001736 0.127894 0.001736 0.000579 0.000579 0.002894 0.006366 0.000579 0.004051 0.005208 0.048032 0.001736 0.007523 0.000579 0.044560 0.000579 0.125579 0.588542 0.027199 0.004051 
0.002622 0.057012 0.005342 0.003788 0.000097 0.002622 0.009810 0.048077 0.000291 0.013889 0.087510 0.000291 0.461053 0.004953 0.107712 0.000291 0.192599 0.000680 0.001068 0.000291 
0.002429 0.021166 0.001735 0.186329 0.001735 0.006593 0.022554 0.000347 0.004511 0.003123 0.000347 0.000347 0.007981 0.000347 0.087786 0.000347 0.454198 0.000347 0.196738 0.001041 
0.060784 0.049020 0.029412 0.001961 0.135294 0.088235 0.013725 0.013725 0.009804 0.001961 0.103922 0.009804 0.052941 0.005882 0.072549 0.001961 0.331373 0.001961 0.013725 0.001961 
0.000635 0.014594 0.004442 0.012056 0.322970 0.013325 0.022208 0.009518 0.019670 0.013325 0.000635 0.001904 0.000635 0.001904 0.258249 0.009518 0.265863 0.003173 0.010787 0.014594 
0.032571 0.061143 0.071429 0.002857 0.000571 0.000571 0.001714 0.005143 0.002857 0.000571 0.024571 0.313714 0.001714 0.004000 0.210857 0.004000 0.256571 0.001714 0.002857 0.000571 
0.000381 0.000381 0.000381 0.000127 0.000127 0.000127 0.631479 0.000381 0.000127 0.000381 0.363186 0.000127 0.000127 0.000127 0.001143 0.000127 0.000127 0.000127 0.000889 0.000127 
0.000755 0.118580 0.517372 0.003776 0.000755 0.020393 0.000755 0.000755 0.000755 0.002266 0.203172 0.003776 0.005287 0.011329 0.056647 0.005287 0.040030 0.000755 0.003776 0.003776 
0.002083 0.002083 0.000694 0.002083 0.968750 0.000694 0.000694 0.000694 0.000694 0.003472 0.000694 0.003472 0.000694 0.002083 0.000694 0.000694 0.000694 0.002083 0.006250 0.000694 
0.012264 0.080189 0.042453 0.000943 0.002830 0.004717 0.027358 0.002830 0.000943 0.004717 0.002830 0.002830 0.014151 0.000943 0.182075 0.000943 0.182075 0.429245 0.004717 0.000943 
0.000125 0.015102 0.000874 0.392287 0.000624 0.001123 0.009111 0.000125 0.000125 0.000125 0.421243 0.000624 0.000874 0.008113 0.046805 0.000125 0.100474 0.000374 0.000374 0.001373 
0.003759 0.008772 0.001253 0.001253 0.001253 0.001253 0.028822 0.006266 0.001253 0.001253 0.038847 0.397243 0.001253 0.003759 0.038847 0.001253 0.457393 0.001253 0.001253 0.003759 
0.000936 0.015918 0.000936 0.000936 0.000936 0.364232 0.002809 0.000936 0.000936 0.000936 0.000936 0.000936 0.000936 0.010300 0.000936 0.000936 0.573970 0.000936 0.017790 0.002809 
0.012366 0.000965 0.000088 0.016751 0.000263 0.471409 0.000789 0.000088 0.000614 0.000439 0.087616 0.000614 0.000088 0.003771 0.063761 0.000439 0.339326 0.000263 0.000088 0.000263 
0.000553 0.204093 0.371128 0.000553 0.000553 0.003872 0.025996 0.021571 0.004978 0.001659 0.012721 0.011615 0.008296 0.027102 0.145465 0.000553 0.147677 0.000553 0.009403 0.001659 
0.002128 0.002128 0.002128 0.006383 0.002128 0.002128 0.002128 0.002128 0.500000 0.002128 0.010638 0.002128 0.002128 0.006383 0.193617 0.006383 0.244681 0.002128 0.002128 0.006383 
0.001832 0.001832 0.009158 0.298535 0.001832 0.005495 0.016484 0.001832 0.009158 0.001832 0.437729 0.016484 0.005495 0.005495 0.042125 0.001832 0.126374 0.001832 0.012821 0.001832 
0.006048 0.034274 0.143145 0.139113 0.002016 0.002016 0.078629 0.066532 0.010081 0.018145 0.002016 0.006048 0.002016 0.010081 0.292339 0.006048 0.171371 0.002016 0.006048 0.002016 
0.013298 0.039894 0.023936 0.018617 0.002660 0.002660 0.023936 0.002660 0.050532 0.023936 0.071809 0.002660 0.018617 0.066489 0.093085 0.013298 0.263298 0.226064 0.039894 0.002660 
0.002463 0.071429 0.007389 0.032020 0.007389 0.012315 0.007389 0.012315 0.056650 0.081281 0.022167 0.002463 0.115764 0.002463 0.125616 0.017241 0.362069 0.007389 0.022167 0.032020 
0.010448 0.028358 0.025373 0.001493 0.001493 0.001493 0.001493 0.001493 0.085075 0.007463 0.046269 0.067164 0.010448 0.001493 0.117910 0.279104 0.237313 0.001493 0.025373 0.049254 
0.001631 0.098555 0.015610 0.002097 0.249534 0.001631 0.000233 0.075722 0.000233 0.005825 0.023998 0.000233 0.029590 0.042171 0.176375 0.004893 0.246272 0.000233 0.024930 0.000233 
0.005435 0.240942 0.005435 0.001812 0.009058 0.005435 0.005435 0.009058 0.273551 0.001812 0.030797 0.001812 0.023551 0.001812 0.128623 0.001812 0.215580 0.001812 0.030797 0.005435 
0.001458 0.001458 0.001458 0.045190 0.001458 0.001458 0.021866 0.001458 0.001458 0.001458 0.010204 0.001458 0.074344 0.045190 0.208455 0.010204 0.351312 0.188047 0.030612 0.001458 
0.003858 0.021662 0.002077 0.000297 0.000297 0.004451 0.003264 0.000297 0.001484 0.343323 0.008012 0.000297 0.000297 0.000297 0.275668 0.000297 0.259050 0.000297 0.068546 0.006231 
0.299855 0.040717 0.161962 0.060984 0.001991 0.008867 0.042164 0.000543 0.000181 0.001267 0.003438 0.004524 0.000543 0.000543 0.080890 0.000543 0.285740 0.000181 0.000181 0.004886 
0.000820 0.000820 0.000820 0.000820 0.000820 0.000820 0.000820 0.000820 0.000820 0.000820 0.004098 0.000820 0.977869 0.000820 0.000820 0.000820 0.000820 0.000820 0.004098 0.000820 
0.000351 0.273142 0.003857 0.001052 0.000351 0.019986 0.011571 0.004558 0.005259 0.029102 0.001052 0.000351 0.000351 0.002454 0.105540 0.004558 0.380435 0.001052 0.149018 0.005961 
0.000926 0.006481 0.023148 0.000926 0.000926 0.000926 0.000926 0.000926 0.000926 0.004630 0.019444 0.491667 0.013889 0.000926 0.006481 0.004630 0.417593 0.000926 0.000926 0.002778 
0.127627 0.426143 0.000927 0.008962 0.000309 0.000309 0.000309 0.008344 0.004017 0.000927 0.000309 0.000309 0.003399 0.000309 0.188813 0.000309 0.222188 0.002163 0.000309 0.004017 
0.004705 0.039871 0.001238 0.185488 0.002229 0.000248 0.000248 0.001238 0.000248 0.002229 0.041357 0.000743 0.015602 0.001734 0.079990 0.000743 0.276127 0.000248 0.343982 0.001734 
0.000040 0.165700 0.000121 0.000040 0.000201 0.000040 0.000523 0.001087 0.000523 0.034348 0.155150 0.000201 0.000040 0.012604 0.025248 0.000362 0.129943 0.000040 0.000604 0.473182 
0.003888 0.279160 0.067652 0.000778 0.003888 0.000778 0.003888 0.006998 0.162519 0.005443 0.027216 0.000778 0.005443 0.003888 0.168740 0.000778 0.246501 0.003888 0.006998 0.000778 
0.001718 0.146048 0.012027 0.001718 0.001718 0.005155 0.108247 0.039519 0.001718 0.005155 0.001718 0.022337 0.039519 0.001718 0.001718 0.001718 0.341924 0.001718 0.262887 0.001718 
0.001299 0.138961 0.016883 0.001299 0.001299 0.001299 0.001299 0.048052 0.266234 0.003896 0.162338 0.001299 0.001299 0.055844 0.001299 0.003896 0.268831 0.001299 0.014286 0.009091 
0.000911 0.235883 0.108379 0.004554 0.006375 0.024590 0.000911 0.011840 0.000911 0.002732 0.002732 0.011840 0.019126 0.022769 0.108379 0.002732 0.343352 0.000911 0.068306 0.022769 
0.066698 0.011893 0.000476 0.009420 0.000095 0.397812 0.000095 0.000476 0.000856 0.000095 0.000095 0.000095 0.000095 0.000285 0.029401 0.000285 0.481541 0.000095 0.000095 0.000095 
0.000365 0.000365 0.013504 0.000365 0.001095 0.002555 0.000365 0.001095 0.000365 0.000365 0.001095 0.000365 0.000365 0.000365 0.820073 0.000365 0.155839 0.000365 0.000365 0.000365 
0.006824 0.103598 0.401365 0.035360 0.000620 0.000620 0.016749 0.000620 0.000620 0.013027 0.148263 0.001861 0.011787 0.000620 0.118486 0.000620 0.129653 0.000620 0.005583 0.003102 
0.004006 0.128551 0.010561 0.003277 0.000364 0.001092 0.017116 0.003277 0.000364 0.245812 0.000364 0.000364 0.000364 0.003277 0.227604 0.001092 0.280772 0.003277 0.068099 0.000364 
0.001100 0.089067 0.006755 0.000157 0.000157 0.008325 0.001414 0.552466 0.000157 0.002356 0.000471 0.001414 0.000785 0.009582 0.108545 0.000157 0.214106 0.000785 0.001414 0.000785 
0.000706 0.092514 0.130650 0.004944 0.002119 0.000706 0.000706 0.000706 0.000706 0.000706 0.431497 0.000706 0.020480 0.040254 0.150424 0.000706 0.072740 0.002119 0.002119 0.044492 
0.470766 0.028312 0.000395 0.039900 0.000132 0.000132 0.030419 0.003555 0.000658 0.001712 0.024098 0.000132 0.000922 0.000395 0.152094 0.000395 0.240848 0.000658 0.004082 0.000395 
0.412897 0.003178 0.000561 0.047664 0.000187 0.009907 0.000187 0.000935 0.000187 0.014393 0.019626 0.000187 0.000561 0.000935 0.074579 0.002056 0.406916 0.003551 0.000561 0.000935 
0.433702 0.000921 0.002762 0.002762 0.000921 0.002762 0.028545 0.002762 0.000921 0.000921 0.048803 0.000921 0.000921 0.000921 0.085635 0.000921 0.378453 0.000921 0.000921 0.004604 
0.015152 0.058442 0.032468 0.002165 0.002165 0.058442 0.015152 0.209957 0.036797 0.002165 0.002165 0.019481 0.006494 0.036797 0.183983 0.010823 0.296537 0.006494 0.002165 0.002165 
0.003464 0.354503 0.010393 0.054273 0.001155 0.005774 0.003464 0.001155 0.001155 0.003464 0.038106 0.010393 0.153580 0.001155 0.197460 0.001155 0.114319 0.008083 0.008083 0.028868 
0.000820 0.000820 0.000820 0.000820 0.000820 0.000820 0.000820 0.000820 0.000820 0.000820 0.000820 0.000820 0.984426 0.000820 0.000820 0.000820 0.000820 0.000820 0.000820 0.000820 
0.000127 0.000127 0.000127 0.000381 0.000127 0.000127 0.624873 0.000889 0.000127 0.000127 0.368521 0.000127 0.000127 0.000127 0.000127 0.000127 0.002668 0.000381 0.000381 0.000381 
0.000820 0.000820 0.000820 0.000820 0.000820 0.000820 0.000820 0.000820 0.000820 0.000820 0.000820 0.000820 0.974590 0.004098 0.002459 0.000820 0.000820 0.000820 0.005738 0.000820 
0.001931 0.005792 0.001931 0.013514 0.036680 0.001931 0.001931 0.021236 0.005792 0.009653 0.001931 0.005792 0.001931 0.013514 0.017375 0.824324 0.005792 0.017375 0.009653 0.001931 
0.000365 0.000365 0.022263 0.000365 0.000365 0.000365 0.000365 0.001095 0.000365 0.000365 0.001825 0.000365 0.000365 0.000365 0.801095 0.000365 0.168248 0.000365 0.000365 0.000365 
0.009529 0.100802 0.151956 0.007523 0.000502 0.012538 0.001505 0.016550 0.000502 0.001505 0.372618 0.001505 0.019559 0.057673 0.045637 0.003511 0.192076 0.000502 0.000502 0.003511 
0.000717 0.154232 0.003587 0.000717 0.000717 0.016499 0.048063 0.066714 0.000717 0.264706 0.078192 0.000717 0.000717 0.002152 0.073888 0.000717 0.218795 0.002152 0.002152 0.063845 
0.001976 0.171937 0.001976 0.013834 0.001976 0.045455 0.017787 0.001976 0.021739 0.258893 0.009881 0.001976 0.025692 0.061265 0.191700 0.001976 0.140316 0.001976 0.013834 0.013834 
0.002146 0.148069 0.010730 0.002146 0.002146 0.045064 0.002146 0.027897 0.002146 0.139485 0.015021 0.002146 0.002146 0.045064 0.002146 0.002146 0.324034 0.010730 0.199571 0.015021 
0.033679 0.044041 0.002591 0.002591 0.007772 0.028497 0.002591 0.023316 0.054404 0.064767 0.002591 0.012953 0.007772 0.007772 0.007772 0.002591 0.551813 0.007772 0.121762 0.012953 
0.008957 0.047174 0.000199 0.177747 0.000199 0.000597 0.051553 0.002189 0.227906 0.004578 0.059514 0.000995 0.000199 0.004180 0.152667 0.000597 0.258559 0.000597 0.000199 0.001393 
0.005495 0.176923 0.080220 0.034066 0.001099 0.005495 0.020879 0.001099 0.003297 0.003297 0.001099 0.001099 0.029670 0.115385 0.176923 0.036264 0.291209 0.003297 0.005495 0.007692 
0.010588 0.055294 0.003529 0.003529 0.005882 0.017647 0.012941 0.005882 0.027059 0.001176 0.022353 0.008235 0.005882 0.017647 0.128235 0.431765 0.224706 0.005882 0.001176 0.010588 
0.000539 0.003412 0.004849 0.315194 0.000180 0.000898 0.000180 0.002335 0.000180 0.017062 0.472522 0.000539 0.003412 0.000180 0.032148 0.001616 0.144217 0.000180 0.000180 0.000180 
0.000257 0.027354 0.001801 0.016378 0.000086 0.320099 0.000772 0.000257 0.000943 0.000257 0.004716 0.000086 0.003859 0.000257 0.021694 0.000429 0.556080 0.000086 0.044161 0.000429 
0.001232 0.028325 0.060345 0.011084 0.001232 0.013547 0.006158 0.003695 0.011084 0.210591 0.013547 0.020936 0.016010 0.018473 0.121921 0.003695 0.262315 0.001232 0.193350 0.001232 
0.552696 0.055147 0.001225 0.001225 0.001225 0.001225 0.003676 0.003676 0.001225 0.003676 0.006127 0.003676 0.013480 0.001225 0.150735 0.001225 0.185049 0.011029 0.001225 0.001225 
0.001344 0.012097 0.004032 0.001344 0.004032 0.025538 0.442204 0.001344 0.004032 0.004032 0.412634 0.001344 0.009409 0.001344 0.006720 0.001344 0.063172 0.001344 0.001344 0.001344 
0.000076 0.136627 0.036887 0.000382 0.000076 0.000382 0.002062 0.000687 0.000076 0.000076 0.274248 0.000076 0.003895 0.382236 0.025890 0.000076 0.109134 0.001298 0.004200 0.021613 
0.000557 0.027313 0.021739 0.003902 0.000557 0.000557 0.000557 0.000557 0.001672 0.271460 0.030658 0.000557 0.000557 0.045151 0.378484 0.000557 0.206800 0.000557 0.007246 0.000557 
0.001190 0.222619 0.005952 0.013095 0.001190 0.001190 0.013095 0.008333 0.003571 0.001190 0.046429 0.003571 0.008333 0.001190 0.101190 0.458333 0.067857 0.003571 0.020238 0.017857 
0.003797 0.003797 0.001266 0.051899 0.003797 0.001266 0.001266 0.001266 0.008861 0.003797 0.006329 0.001266 0.001266 0.003797 0.122785 0.003797 0.411392 0.001266 0.365823 0.001266 
0.000571 0.048135 0.000190 0.009323 0.000571 0.000190 0.007040 0.000571 0.000571 0.003234 0.002473 0.002473 0.003995 0.000951 0.379947 0.289384 0.249049 0.000190 0.000951 0.000190 
0.017606 0.123239 0.003521 0.003521 0.003521 0.109155 0.010563 0.010563 0.024648 0.137324 0.003521 0.010563 0.003521 0.017606 0.066901 0.003521 0.426056 0.003521 0.010563 0.010563 
0.003664 0.102345 0.023205 0.008061 0.074499 0.005129 0.008061 0.000244 0.000244 0.065217 0.000733 0.001710 0.000733 0.266976 0.231314 0.000244 0.164875 0.010015 0.001710 0.031021 
0.001401 0.125584 0.010738 0.000467 0.000467 0.004202 0.003268 0.000467 0.000467 0.006069 0.030345 0.001401 0.010738 0.000467 0.080766 0.508403 0.211485 0.000467 0.002334 0.000467 
0.000606 0.115758 0.004242 0.009091 0.001818 0.000606 0.034545 0.076970 0.000606 0.021212 0.000606 0.004242 0.038182 0.125455 0.127879 0.000606 0.300000 0.003030 0.062424 0.072121 
0.023077 0.023077 0.100000 0.007692 0.053846 0.007692 0.038462 0.007692 0.007692 0.007692 0.038462 0.007692 0.007692 0.007692 0.361538 0.007692 0.207692 0.007692 0.069231 0.007692 
0.041045 0.018657 0.003731 0.003731 0.026119 0.048507 0.018657 0.003731 0.190299 0.026119 0.018657 0.003731 0.011194 0.048507 0.123134 0.003731 0.391791 0.003731 0.003731 0.011194 
0.031353 0.156766 0.054455 0.034653 0.008251 0.021452 0.074257 0.001650 0.074257 0.008251 0.037954 0.004950 0.001650 0.021452 0.120462 0.004950 0.282178 0.011551 0.041254 0.008251 
0.003472 0.135417 0.003472 0.010417 0.003472 0.177083 0.003472 0.031250 0.045139 0.086806 0.010417 0.003472 0.031250 0.003472 0.010417 0.010417 0.225694 0.010417 0.190972 0.003472 
0.004298 0.351003 0.262178 0.018625 0.001433 0.001433 0.078797 0.030086 0.001433 0.001433 0.004298 0.001433 0.004298 0.018625 0.107450 0.004298 0.010029 0.007163 0.010029 0.081662 
0.001012 0.193320 0.003036 0.003036 0.001012 0.001012 0.027328 0.009109 0.009109 0.061741 0.011134 0.001012 0.015182 0.013158 0.094130 0.001012 0.343117 0.209514 0.001012 0.001012 
0.027672 0.149809 0.033397 0.002863 0.006679 0.004771 0.004771 0.000954 0.014313 0.134542 0.023855 0.014313 0.020038 0.004771 0.189885 0.010496 0.159351 0.161260 0.035305 0.000954 
0.111789 0.050232 0.073461 0.114692 0.000871 0.000290 0.091463 0.000290 0.000871 0.002613 0.111208 0.000290 0.007840 0.010163 0.169861 0.009001 0.212834 0.002033 0.029907 0.000290 
0.109302 0.113953 0.011628 0.002326 0.002326 0.011628 0.002326 0.011628 0.072093 0.058140 0.006977 0.002326 0.006977 0.123256 0.309302 0.002326 0.090698 0.002326 0.053488 0.006977 
